C 000 001 02 03 01 01 0
C 001 002 02 04 01 01 0
C 002 003 05 03 01 01 0
C 003 004 03 04 01 01 0
B 004 005 06 02 01 02 0
B 005 006 09 05 01 02 0
B 006 007 12 02 01 02 0
B 007 008 12 15 01 02 0
B 008 009 10 03 01 02 0
B 009 010 16 04 01 02 0
B 010 011 19 05 01 02 0
B 011 012 07 04 01 02 0
B 012 013 07 15 01 02 0
B 013 014 18 05 01 02 0
B 014 015 09 02 01 05 0
B 015 016 21 03 01 05 0
B 016 017 08 15 01 05 0
B 017 018 22 15 01 05 0
B 018 019 16 05 01 05 0
B 019 020 19 05 01 05 0
B 020 021 11 04 01 05 0
B 021 022 17 02 01 05 0
B 022 023 17 15 01 05 0
B 023 024 23 02 01 05 0
B 024 025 18 02 01 05 0
B 025 026 06 05 01 03 0
B 026 027 06 03 01 03 0
B 027 028 09 03 01 03 0
B 028 029 21 03 01 03 0
B 029 030 16 15 01 03 0
B 030 031 19 05 01 03 0
B 031 032 23 03 01 03 0
B 032 033 07 05 01 03 0
B 033 034 07 04 01 03 0
B 034 035 20 15 01 03 0
B 035 036 13 04 01 03 0
B 036 037 21 02 01 04 0
B 037 038 14 15 01 04 0
B 038 039 10 15 01 04 0
B 039 040 22 05 01 04 0
B 040 041 22 03 01 04 0
B 041 042 19 02 01 04 0
B 042 043 19 02 01 04 0
B 043 044 19 05 01 04 0
B 044 045 10 02 01 04 0
B 045 046 23 04 01 04 0
B 046 047 07 04 01 04 0
B 047 048 20 04 01 04 0
B 048 049 06 15 01 15 0
B 049 050 09 02 01 15 0
B 050 051 09 05 01 15 0
B 051 052 12 05 01 15 0
B 052 053 16 04 01 15 0
B 053 054 11 04 01 15 0
B 054 055 11 15 01 15 0
B 055 056 07 03 01 15 0
B 056 057 20 02 01 15 0
B 057 058 20 15 01 15 0
B 058 059 18 05 01 15 0
B 059 060 13 03 01 15 0
I 060 061 12 21 06 06 0
I 061 062 08 16 06 06 0
I 062 063 09 14 06 09 0
I 063 064 06 07 06 21 0
I 064 065 21 13 06 21 0
I 065 066 08 08 06 21 0
I 066 067 10 09 06 21 0
I 067 068 23 12 06 21 0
I 068 069 13 07 06 21 0
I 069 070 14 16 06 14 0
I 070 071 16 17 06 14 0
I 071 072 08 21 06 10 0
I 072 073 19 11 06 10 0
I 073 074 23 19 06 10 0
I 074 075 07 14 06 10 0
I 075 076 08 19 06 22 0
I 076 077 22 19 06 22 0
I 077 078 14 20 06 16 0
I 078 079 23 14 06 16 0
I 079 080 20 18 06 16 0
I 080 081 22 21 06 19 0
I 081 082 21 21 06 11 0
I 082 083 10 11 06 11 0
I 083 084 21 22 06 17 0
I 084 085 12 08 06 17 0
I 085 086 07 17 06 17 0
I 086 087 20 23 06 17 0
I 087 088 06 18 06 23 0
I 088 089 12 13 06 23 0
I 089 090 11 20 06 23 0
I 090 091 10 17 06 07 0
I 091 092 22 19 06 07 0
I 092 093 22 11 06 07 0
I 093 094 11 18 06 07 0
I 094 095 17 08 06 07 0
I 095 096 18 14 06 18 0
I 096 097 11 22 06 13 0
I 097 098 23 07 06 13 0
I 098 099 18 12 06 13 0
I 099 100 13 18 06 13 0
I 100 101 17 19 09 09 0
I 101 102 17 20 09 09 0
I 102 103 20 22 09 09 0
I 103 104 13 12 09 09 0
I 104 105 11 19 09 21 0
I 105 106 14 07 09 12 0
I 106 107 22 07 09 12 0
I 107 108 11 19 09 12 0
I 108 109 20 10 09 12 0
I 109 110 19 17 09 08 0
I 110 111 17 19 09 08 0
I 111 112 23 22 09 14 0
I 112 113 23 20 09 14 0
I 113 114 08 11 09 10 0
I 114 115 16 17 09 10 0
I 115 116 17 10 09 10 0
I 116 117 13 20 09 10 0
I 117 118 14 18 09 22 0
I 118 119 20 17 09 16 0
I 119 120 07 13 09 19 0
I 120 121 08 13 09 11 0
I 121 122 12 20 09 23 0
I 122 123 08 22 09 23 0
I 123 124 23 19 09 23 0
I 124 125 17 13 09 07 0
I 125 126 18 19 09 07 0
I 126 127 08 12 09 20 0
I 127 128 22 18 09 20 0
I 128 129 11 14 09 20 0
I 129 130 23 07 09 20 0
I 130 131 12 23 09 18 0
I 131 132 17 08 09 18 0
I 132 133 08 20 09 13 0
I 133 134 10 11 09 13 0
I 134 135 11 14 09 13 0
I 135 136 20 23 09 13 0
I 136 137 23 16 21 21 0
I 137 138 12 14 21 12 0
I 138 139 12 10 21 12 0
I 139 140 12 17 21 12 0
I 140 141 22 18 21 12 0
I 141 142 19 12 21 12 0
I 142 143 20 17 21 12 0
I 143 144 18 18 21 12 0
I 144 145 14 11 21 08 0
I 145 146 21 17 21 14 0
I 146 147 21 13 21 14 0
I 147 148 14 08 21 14 0
I 148 149 19 17 21 14 0
I 149 150 12 10 21 14 0
I 150 151 11 13 21 22 0
I 151 152 10 10 21 16 0
I 152 153 10 22 21 16 0
I 153 154 13 20 21 16 0
I 154 155 16 16 21 16 0
I 155 156 16 17 21 16 0
I 156 157 13 16 21 16 0
I 157 158 16 20 21 23 0
I 158 159 07 12 21 23 0
I 159 160 18 18 21 07 0
I 160 161 12 23 21 20 0
I 161 162 08 23 21 20 0
I 162 163 19 10 21 13 0
I 163 164 11 20 21 13 0
I 164 165 14 11 12 08 0
I 165 166 11 07 12 08 0
I 166 167 14 14 12 10 0
I 167 168 10 19 12 22 0
I 168 169 22 18 12 22 0
I 169 170 11 07 12 16 0
I 170 171 23 20 12 16 0
I 171 172 18 10 12 16 0
I 172 173 19 19 12 19 0
I 173 174 17 23 12 19 0
I 174 175 16 18 12 11 0
I 175 176 16 22 12 17 0
I 176 177 08 11 12 23 0
I 177 178 17 20 12 07 0
I 178 179 07 19 12 07 0
I 179 180 16 20 12 20 0
I 180 181 10 20 12 18 0
I 181 182 16 10 12 18 0
I 182 183 22 07 08 08 0
I 183 184 13 16 08 14 0
I 184 185 22 17 08 10 0
I 185 186 07 07 08 10 0
I 186 187 18 16 08 22 0
I 187 188 08 18 08 16 0
I 188 189 14 22 08 16 0
I 189 190 20 22 08 16 0
I 190 191 14 14 08 19 0
I 191 192 19 23 08 19 0
I 192 193 10 16 08 11 0
I 193 194 18 10 08 17 0
I 194 195 18 13 08 17 0
I 195 196 13 19 08 17 0
I 196 197 10 13 08 23 0
I 197 198 22 07 08 23 0
I 198 199 23 23 08 23 0
I 199 200 22 14 08 07 0
I 200 201 18 07 08 20 0
I 201 202 13 16 08 20 0
I 202 203 17 22 08 18 0
I 203 204 17 07 08 18 0
I 204 205 20 14 08 18 0
I 205 206 13 18 08 18 0
I 206 207 13 16 14 14 0
I 207 208 22 13 14 10 0
I 208 209 07 19 14 10 0
I 209 210 10 22 14 16 0
I 210 211 20 19 14 16 0
I 211 212 14 20 14 19 0
I 212 213 07 07 14 11 0
I 213 214 14 23 14 17 0
I 214 215 11 13 14 17 0
I 215 216 13 18 14 17 0
I 216 217 22 19 14 23 0
I 217 218 11 17 14 20 0
I 218 219 10 11 14 18 0
I 219 220 10 20 14 13 0
I 220 221 18 18 14 13 0
I 221 222 18 13 14 13 0
I 222 223 17 13 10 10 0
I 223 224 23 16 10 10 0
I 224 225 20 19 10 10 0
I 225 226 22 19 10 16 0
I 226 227 17 17 10 16 0
I 227 228 22 07 10 16 0
I 228 229 16 13 10 23 0
I 229 230 20 07 10 23 0
I 230 231 17 23 10 07 0
I 231 232 17 18 10 07 0
I 232 233 22 23 22 22 0
I 233 234 20 11 22 11 0
I 234 235 16 11 22 11 0
I 235 236 16 23 22 11 0
I 236 237 17 19 22 11 0
I 237 238 11 20 22 17 0
I 238 239 19 13 22 23 0
I 239 240 18 19 22 23 0
I 240 241 16 18 22 07 0
I 241 242 11 18 22 07 0
I 242 243 19 17 16 19 0
I 243 244 23 07 16 19 0
I 244 245 13 23 16 11 0
I 245 246 20 13 16 18 0
I 246 247 18 13 19 19 0
I 247 248 17 11 19 11 0
I 248 249 11 18 19 17 0
I 249 250 20 18 19 23 0
I 250 251 13 07 11 11 0
I 251 252 07 17 11 17 0
I 252 253 20 23 17 07 0
I 253 254 18 20 23 20 0
I 254 255 20 13 23 13 0
I 255 256 18 13 07 13 0