C 00 34 01 03 04 01 0
B 01 31 03 01 06 07 3
B 02 10 06 05 06 01 1
B 03 16 07 06 01 04 2
B 04 25 02 05 04 01 1
C 05 36 01 01 02 02 0
B 06 15 01 04 05 03 3
I 07 02 07 05 07 05 0
I 08 04 07 05 05 08 2
I 09 29 08 08 07 07 2
I 10 05 07 05 07 08 3
B 11 22 04 07 02 01 2
B 12 13 06 01 03 07 2
I 13 27 05 07 07 07 2
I 14 09 05 07 07 07 1
I 15 06 07 07 05 08 1
I 16 03 07 05 07 08 1
B 17 11 06 07 04 01 2
B 18 18 06 05 04 01 0
I 19 32 05 05 05 07 3
I 20 19 05 07 05 07 1
I 21 08 07 05 05 07 1
I 22 33 05 05 08 07 0
B 23 21 05 06 01 04 3
B 24 07 05 02 01 04 1
I 25 35 05 07 05 05 3
I 26 24 05 05 07 07 2
I 27 01 07 05 05 07 3
I 28 30 05 05 08 05 2
B 29 23 05 04 01 03 3
C 30 26 01 02 02 01 3
B 31 12 01 02 05 06 2
B 32 20 01 06 05 03 2
B 33 17 03 01 03 07 1
B 34 28 01 03 05 02 2
C 35 14 02 03 01 01 3