B 00 13 06 01 03 07 0
I 01 29 08 08 07 07 2
I 02 04 07 05 05 08 0
I 03 02 07 05 07 05 1
I 04 05 07 05 07 08 0
B 05 12 01 02 05 06 2
I 06 27 05 07 07 07 0
B 07 22 04 07 02 01 0
C 08 14 02 03 01 01 0
B 09 10 06 05 06 01 1
C 10 34 01 03 04 01 0
I 11 32 05 05 05 07 3
I 12 03 07 05 07 08 1
B 13 15 01 04 05 03 3
B 14 11 06 07 04 01 0
B 15 16 07 06 01 04 0
B 16 25 02 05 04 01 1
I 17 35 05 07 05 05 1
I 18 08 07 05 05 07 0
C 19 36 01 01 02 02 3
B 20 20 01 06 05 03 2
B 21 31 03 01 06 07 1
B 22 23 05 04 01 03 1
I 23 24 05 05 07 07 0
I 24 06 07 07 05 08 0
C 25 26 01 02 02 01 0
B 26 17 03 01 03 07 0
B 27 21 05 06 01 04 0
B 28 28 01 03 05 02 0
I 29 30 05 05 08 05 0
B 30 18 06 05 04 01 1
I 31 19 05 07 05 07 0
I 32 09 05 07 07 07 3
I 33 33 05 05 08 07 2
I 34 01 07 05 05 07 1
B 35 07 05 02 01 04 1