C 0 14 1 2 3 1 1
B 1 7 1 4 5 2 2
B 2 18 1 6 5 4 1
B 3 10 1 6 5 6 1
B 4 12 1 2 5 6 0
C 5 26 1 1 2 2 1
B 6 13 3 7 6 1 2
I 7 19 5 7 5 7 0
I 8 32 5 5 5 7 0
I 9 1 5 7 7 5 2
I 10 3 5 7 8 7 3
B 11 22 2 1 4 7 2
B 12 31 6 7 3 1 2
I 13 24 5 5 7 7 0
I 14 30 5 8 5 5 3
I 15 6 7 7 5 8 0
I 16 5 8 7 5 7 1
B 17 11 4 1 6 7 2
B 18 23 3 5 4 1 1
I 19 27 7 7 7 5 3
I 20 9 5 7 7 7 0
I 21 4 5 5 8 7 3
I 22 35 5 5 7 5 1
B 23 21 6 1 4 5 3
B 24 15 4 5 3 1 3
I 25 2 7 5 7 5 0
I 26 8 7 7 5 5 1
I 27 29 8 8 7 7 0
I 28 33 7 5 5 8 1
B 29 25 4 1 2 5 2
C 30 34 3 4 1 1 3
B 31 16 7 6 1 4 0
B 32 20 5 3 1 6 2
B 33 17 7 3 1 3 1
B 34 28 5 2 1 3 2
C 35 36 2 1 1 2 1