C 0 36 1 2 2 1 3
B 1 22 1 4 7 2 1
B 2 23 1 3 5 4 2
B 3 15 1 4 5 3 0
B 4 25 1 2 5 4 1
C 5 26 1 1 2 2 1
B 6 12 2 5 6 1 3
I 7 3 7 8 7 5 2
I 8 30 5 5 5 8 1
I 9 1 5 7 7 5 2
I 10 35 5 5 5 7 2
B 11 7 2 1 4 5 3
B 12 18 6 5 4 1 0
I 13 24 7 7 5 5 2
I 14 6 5 8 7 7 2
I 15 29 7 7 8 8 2
I 16 27 5 7 7 7 0
B 17 11 4 1 6 7 2
B 18 16 4 7 6 1 1
I 19 4 5 5 8 7 3
I 20 32 7 5 5 5 1
I 21 33 8 7 5 5 2
I 22 8 7 5 5 7 0
B 23 10 6 1 6 5 2
B 24 31 6 7 3 1 2
I 25 5 8 7 5 7 1
I 26 2 5 7 5 7 3
I 27 9 5 7 7 7 0
I 28 19 5 7 5 7 0
B 29 13 6 1 3 7 0
C 30 34 3 4 1 1 3
B 31 21 5 6 1 4 0
B 32 20 5 3 1 6 2
B 33 17 7 3 1 3 1
B 34 28 5 2 1 3 2
C 35 14 3 1 1 2 3